15   18   1.0   365.25
3   2   4   3   1   3   2   4   3   1   3   2   4   3   1
8   7   9   7   6   8   9   8   10   8   7   9   7   6   8   9   8   10
3   1   2   5   13   11   12   15
0.5   0.6   0.85   0.5   0.5   0.6   0.85   0.5
3   1   2   5   14   11   13
0.5   0.6   0.85   0.5   1.1   0.8   0.75
3   1   2   5   12   15   11   14   13
0.5   0.6   0.85   0.5   1.2   0.25   0.7   0.9   1.0
4   1   3   13   11   12   15
1.1   0.8   0.75   0.5   0.6   0.85   0.5
4   1   3   14   11   13
1.1   0.8   0.75   1.1   0.8   0.75
4   1   3   12   15   11   14   13
1.1   0.8   0.75   1.2   0.25   0.7   0.9   1.0
2   5   1   4   3   13   11   12   15
1.2   0.25   0.7   0.9   1.0   0.5   0.6   0.85   0.5
2   5   1   4   3   14   11   13
1.2   0.25   0.7   0.9   1.0   1.1   0.8   0.75
2   5   1   4   3   12   15   11   14   13
1.2   0.25   0.7   0.9   1.0   1.2   0.25   0.7   0.9   1.0
8   6   7   10   13   11   12   15
0.5   0.6   0.85   0.5   0.5   0.6   0.85   0.5
8   6   7   10   14   11   13
0.5   0.6   0.85   0.5   1.1   0.8   0.75
8   6   7   10   12   15   11   14   13
0.5   0.6   0.85   0.5   1.2   0.25   0.7   0.9   1.0
9   6   8   13   11   12   15
1.1   0.8   0.75   0.5   0.6   0.85   0.5
9   6   8   14   11   13
1.1   0.8   0.75   1.1   0.8   0.75
9   6   8   12   15   11   14   13
1.1   0.8   0.75   1.2   0.25   0.7   0.9   1.0
7   10   6   9   8   13   11   12   15
1.2   0.25   0.7   0.9   1.0   0.5   0.6   0.85   0.5
7   10   6   9   8   14   11   13
1.2   0.25   0.7   0.9   1.0   1.1   0.8   0.75
7   10   6   9   8   12   15   11   14   13
1.2   0.25   0.7   0.9   1.0   1.2   0.25   0.7   0.9   1.0
0.045   0.12   0.15   0.225   0.35   0.4   0.43   0.48   0.5   0.545   0.62   0.65   0.725   0.85   0.9   0.93   0.98   1.0